% time	cellId	IMSI	frame	sframe	RNTI	mcsTb1	sizeTb1	mcsTb2	sizeTb2	ccId
0.041	1	2	5	2	1	28	2196	0	0	0
0.042	1	1	5	3	2	28	2196	0	0	0
0.043	1	3	5	4	3	28	2196	0	0	0
0.049	1	1	5	10	2	28	2196	0	0	0
0.051	1	2	6	2	1	28	2196	0	0	0
0.052	1	3	6	3	3	28	2196	0	0	0
0.141	1	1	15	2	2	28	2196	0	0	0
0.142	1	2	15	3	1	28	2196	0	0	0
0.143	1	3	15	4	3	28	2196	0	0	0
0.144	1	1	15	5	2	28	2196	0	0	0
0.145	1	2	15	6	1	28	2196	0	0	0
0.146	1	3	15	7	3	28	2196	0	0	0
0.241	1	1	25	2	2	28	2196	0	0	0
0.242	1	2	25	3	1	28	2196	0	0	0
0.243	1	3	25	4	3	28	2196	0	0	0
0.244	1	1	25	5	2	28	2196	0	0	0
0.245	1	2	25	6	1	28	2196	0	0	0
0.246	1	3	25	7	3	28	2196	0	0	0
0.341	1	1	35	2	2	28	2196	0	0	0
0.342	1	2	35	3	1	28	2196	0	0	0
0.343	1	3	35	4	3	28	2196	0	0	0
0.344	1	1	35	5	2	28	2196	0	0	0
0.345	1	2	35	6	1	28	2196	0	0	0
0.346	1	3	35	7	3	28	2196	0	0	0
0.441	1	1	45	2	2	28	2196	0	0	0
0.442	1	2	45	3	1	28	2196	0	0	0
0.443	1	3	45	4	3	28	2196	0	0	0
0.444	1	1	45	5	2	28	2196	0	0	0
0.445	1	2	45	6	1	28	2196	0	0	0
0.446	1	3	45	7	3	28	2196	0	0	0
0.541	1	1	55	2	2	28	2196	0	0	0
0.542	1	2	55	3	1	28	2196	0	0	0
0.543	1	3	55	4	3	28	2196	0	0	0
0.544	1	1	55	5	2	28	2196	0	0	0
0.545	1	2	55	6	1	28	2196	0	0	0
0.546	1	3	55	7	3	28	2196	0	0	0
0.641	1	1	65	2	2	28	2196	0	0	0
0.642	1	2	65	3	1	28	2196	0	0	0
0.643	1	3	65	4	3	28	2196	0	0	0
0.644	1	1	65	5	2	28	2196	0	0	0
0.645	1	2	65	6	1	28	2196	0	0	0
0.646	1	3	65	7	3	28	2196	0	0	0
0.741	1	1	75	2	2	28	2196	0	0	0
0.742	1	2	75	3	1	28	2196	0	0	0
0.743	1	3	75	4	3	28	2196	0	0	0
0.744	1	1	75	5	2	28	2196	0	0	0
0.745	1	2	75	6	1	28	2196	0	0	0
0.746	1	3	75	7	3	28	2196	0	0	0
0.841	1	1	85	2	2	28	2196	0	0	0
0.842	1	2	85	3	1	28	2196	0	0	0
0.843	1	3	85	4	3	28	2196	0	0	0
0.844	1	1	85	5	2	28	2196	0	0	0
0.845	1	2	85	6	1	28	2196	0	0	0
0.846	1	3	85	7	3	28	2196	0	0	0
0.941	1	1	95	2	2	28	2196	0	0	0
0.942	1	2	95	3	1	28	2196	0	0	0
0.943	1	3	95	4	3	28	2196	0	0	0
0.944	1	1	95	5	2	28	2196	0	0	0
0.945	1	2	95	6	1	28	2196	0	0	0
0.946	1	3	95	7	3	28	2196	0	0	0
1.041	1	1	105	2	2	28	2196	0	0	0
1.042	1	2	105	3	1	28	2196	0	0	0
1.043	1	3	105	4	3	28	2196	0	0	0
1.044	1	1	105	5	2	28	2196	0	0	0
1.045	1	2	105	6	1	28	2196	0	0	0
1.046	1	3	105	7	3	28	2196	0	0	0
1.141	1	1	115	2	2	28	2196	0	0	0
1.142	1	2	115	3	1	28	2196	0	0	0
1.143	1	3	115	4	3	28	2196	0	0	0
1.144	1	1	115	5	2	28	2196	0	0	0
1.145	1	2	115	6	1	28	2196	0	0	0
1.146	1	3	115	7	3	28	2196	0	0	0
1.241	1	1	125	2	2	28	2196	0	0	0
1.242	1	2	125	3	1	28	2196	0	0	0
1.243	1	3	125	4	3	28	2196	0	0	0
1.244	1	1	125	5	2	28	2196	0	0	0
1.245	1	2	125	6	1	28	2196	0	0	0
1.246	1	3	125	7	3	28	2196	0	0	0
1.341	1	1	135	2	2	28	2196	0	0	0
1.342	1	2	135	3	1	28	2196	0	0	0
1.343	1	3	135	4	3	28	2196	0	0	0
1.344	1	1	135	5	2	28	2196	0	0	0
1.345	1	2	135	6	1	28	2196	0	0	0
1.346	1	3	135	7	3	28	2196	0	0	0
1.441	1	1	145	2	2	28	2196	0	0	0
1.442	1	2	145	3	1	28	2196	0	0	0
1.443	1	3	145	4	3	28	2196	0	0	0
1.444	1	1	145	5	2	28	2196	0	0	0
1.445	1	2	145	6	1	28	2196	0	0	0
1.446	1	3	145	7	3	28	2196	0	0	0
1.541	1	1	155	2	2	28	2196	0	0	0
1.542	1	2	155	3	1	28	2196	0	0	0
1.543	1	3	155	4	3	28	2196	0	0	0
1.544	1	1	155	5	2	28	2196	0	0	0
1.641	1	2	165	2	1	28	2196	0	0	0
1.642	1	3	165	3	3	28	2196	0	0	0
1.643	1	1	165	4	2	28	2196	0	0	0
1.644	1	2	165	5	1	28	2196	0	0	0
1.741	1	3	175	2	3	28	2196	0	0	0
1.742	1	1	175	3	2	28	2196	0	0	0
1.743	1	2	175	4	1	28	2196	0	0	0
1.841	1	3	185	2	3	28	2196	0	0	0
1.842	1	1	185	3	2	28	2196	0	0	0
1.843	1	2	185	4	1	28	2196	0	0	0
1.941	1	3	195	2	3	28	2196	0	0	0
1.942	1	1	195	3	2	28	2196	0	0	0
1.943	1	2	195	4	1	28	2196	0	0	0
2.041	1	3	205	2	3	28	2196	0	0	0
2.042	1	1	205	3	2	28	2196	0	0	0
2.043	1	2	205	4	1	28	2196	0	0	0
2.141	1	3	215	2	3	28	2196	0	0	0
2.142	1	1	215	3	2	28	2196	0	0	0
2.143	1	2	215	4	1	28	2196	0	0	0
2.241	1	3	225	2	3	28	2196	0	0	0
2.242	1	1	225	3	2	28	2196	0	0	0
2.243	1	2	225	4	1	28	2196	0	0	0
2.341	1	3	235	2	3	28	2196	0	0	0
2.342	1	1	235	3	2	28	2196	0	0	0
2.343	1	2	235	4	1	28	2196	0	0	0
2.441	1	3	245	2	3	28	2196	0	0	0
2.442	1	1	245	3	2	28	2196	0	0	0
2.443	1	2	245	4	1	28	2196	0	0	0
2.541	1	3	255	2	3	28	2196	0	0	0
2.542	1	1	255	3	2	28	2196	0	0	0
2.543	1	2	255	4	1	28	2196	0	0	0
2.641	1	3	265	2	3	28	2196	0	0	0
2.642	1	1	265	3	2	28	2196	0	0	0
2.643	1	2	265	4	1	28	2196	0	0	0
2.741	1	3	275	2	3	28	2196	0	0	0
2.742	1	1	275	3	2	28	2196	0	0	0
2.743	1	2	275	4	1	28	2196	0	0	0
2.841	1	3	285	2	3	28	2196	0	0	0
2.842	1	1	285	3	2	28	2196	0	0	0
2.843	1	2	285	4	1	28	2196	0	0	0
2.941	1	3	295	2	3	28	2196	0	0	0
2.942	1	1	295	3	2	28	2196	0	0	0
2.943	1	2	295	4	1	28	2196	0	0	0
